{
 "cells": [
  {
   "cell_type": "code",
   "execution_count": 1,
   "metadata": {},
   "outputs": [],
   "source": [
    "import numpy as np\n",
    "import math\n",
    "import random"
   ]
  },
  {
   "cell_type": "code",
   "execution_count": 2,
   "metadata": {},
   "outputs": [],
   "source": [
    "#Initial Pheromone \n",
    "def FirstPheromone(hobs):\n",
    "    return [[1/hobs for i in range(hobs)] for j in range(hobs)]\n",
    "\n",
    "# A random graph\n",
    "def Graph(dim):\n",
    "    b = [(i, str(i)) for i in range(dim)]   \n",
    "    matrix = []\n",
    "    \n",
    "    for i,j in b:\n",
    "        j=[]\n",
    "        if i == 0:\n",
    "            j.append(0)\n",
    "            matrix.append(j)\n",
    "        else:\n",
    "            for k in range(i+1):\n",
    "                if k == i:\n",
    "                    j.append(0)\n",
    "                else:\n",
    "                    j.append(random.choice([0,1]))\n",
    "            matrix.append(j)\n",
    "            \n",
    "    M = matrix        \n",
    "    for i in range(len(M)):\n",
    "        \n",
    "        for j in range(1,len(M)-len(M[i])+1):\n",
    "            M[i].append(M[i+j][i]) \n",
    "            \n",
    "    return M\n",
    "\n",
    "# Eliminate Loops \n",
    "def Deloop(x):\n",
    "    l = len(x)\n",
    "\n",
    "    for i in range(l):\n",
    "        for j in range(i+1,l):\n",
    "            j = l+i-j\n",
    "            \n",
    "            if j < len(x):          # list changes as loop is removed \n",
    "                if x[i] == x[j]:\n",
    "                    # print(\"Delooping:  \", x)\n",
    "                    [x.remove(k) for k in x[i+1:j+1]]\n",
    "                    # print(\"Delooped to: \", x)\n",
    "    return x"
   ]
  },
  {
   "cell_type": "code",
   "execution_count": 3,
   "metadata": {},
   "outputs": [],
   "source": [
    "# probability and selection using roulette wheel \n",
    "\n",
    "# Calculate cumulative sum for roulette wheel \n",
    "def PPi(pi):\n",
    "    n = len(pi)\n",
    "    ans = []\n",
    "    \n",
    "    for i in range(n):\n",
    "        ans.append( sum([i for i in pi[:i+1]]) )\n",
    "    return ans \n",
    "\n",
    "# Roulette Wheel \n",
    "def Roulette(ppi, Pop):\n",
    "    n = len(ppi)\n",
    "    ra = random.random()\n",
    "    \n",
    "    for i in range(n):\n",
    "        if i == 0 :\n",
    "            if ra > 0 and ra < ppi[i]:\n",
    "                return Pop[i]\n",
    "        else:\n",
    "            if ra > ppi[i-1] and ra < ppi[i]:\n",
    "                return Pop[i]"
   ]
  },
  {
   "cell_type": "code",
   "execution_count": 4,
   "metadata": {},
   "outputs": [],
   "source": [
    "# Transition Probability\n",
    "def TransitionP(connections, alpha, beta):\n",
    "    \"\"\" Takes a list of tuples [(pheromone, distance, hob), ... , (pheromone, distance, hob)]\n",
    "        return trasition probability for each hob [(probability, hob), ... , (probability, hob)]\"\"\"\n",
    "    \n",
    "    total = sum( [ (i[0]**alpha)*(i[1]**beta) for i in connections])    # sum heuristic and pheromone info\n",
    "    prob = [( (((i**alpha)*(j**beta))/total) , k) for i,j,k in connections ]  # probability of each hob\n",
    "    \n",
    "    return prob\n",
    "\n",
    "# pheromone, distance and hob information\n",
    "def DPH(phermatrix, graph, connections, preshob):\n",
    "    \"\"\" DPH(Distance Pheromone hob)\n",
    "        takes a pheromone matrix\n",
    "        graph matrix \n",
    "        connections in graph to use \n",
    "        present hob in graph\n",
    "        and return the pheromone, distance and hob [(pheromone, distance, hob), ... , (pheromone, distance, hob)]\"\"\"\n",
    "    \n",
    "    dph = []\n",
    "    for i in range(len(connections)):\n",
    "        if connections[i] > 0:\n",
    "            dph.append( (phermatrix[preshob][i], 1/graph[preshob][i], i) )\n",
    "            \n",
    "    #dph = [(phermatrix[preshob][i], graph[preshob][i], i) for i in range(len(connections)) if connections[i] > 0 ]\n",
    "    \n",
    "    return dph\n",
    "\n",
    "def Disconnect(visited, connections):\n",
    "    \"\"\" Disconnects already visited hobs\n",
    "    visited: already visited hobs\n",
    "    connections: connection vector with 0: no connection x: length of connection\"\"\"\n",
    "    \n",
    "    for i in visited:\n",
    "        connections[i] = 0\n",
    "        #print(i, visited, connections)\n",
    "    #print(\"DONE++++++++++++++++++++++++++++++++++++++++++++++++++++++++++++++++++++++++++++++++++++++++++++++DONE\")\n",
    "    return connections"
   ]
  },
  {
   "cell_type": "code",
   "execution_count": 5,
   "metadata": {},
   "outputs": [],
   "source": [
    "def FindPath(phermatrix, graph, takeoff, alpha = 2, beta = 2):\n",
    "    \n",
    "    path = []\n",
    "    path.append(takeoff)\n",
    "    \n",
    "    while len(path) != len(graph):\n",
    "        \n",
    "        Cons = graph[takeoff].copy()\n",
    "        tabu = path.copy()\n",
    "        Cons = Disconnect(tabu, Cons)\n",
    "        HP = DPH(phermatrix, graph, Cons, takeoff)\n",
    "        prob = TransitionP(HP, alpha, beta)\n",
    "        takeoff = Roulette(PPi([i[0] for i in prob]), [i[1] for i in prob])\n",
    "        \n",
    "        path.append(takeoff)\n",
    "        \n",
    "    #Deloop(path)\n",
    "    #print(\"HERE \") \n",
    "    return path"
   ]
  },
  {
   "cell_type": "code",
   "execution_count": 6,
   "metadata": {},
   "outputs": [],
   "source": [
    "# calculate cost of each route\n",
    "def Cost(Pop, Cmatrix):\n",
    "    Cvector = []\n",
    "    \n",
    "    for i in range(len(Pop)):\n",
    "        route = Pop[i]\n",
    "        cost = 0\n",
    "        \n",
    "        for j in range(len(route)-1):\n",
    "            cost += Cmatrix[route[j]][route[j+1]]\n",
    "        cost += Cmatrix[route[0]][route[len(route)-1]]   \n",
    "        Cvector.append(cost)\n",
    "        \n",
    "    return Cvector\n",
    "\n",
    "# Sort Chromosomes from Best to Worst\n",
    "def Sortpop(Pop, Cmatrix):\n",
    "    cost = Cost(Pop, Cmatrix)\n",
    "    ans = [ x for _,x in sorted(zip(cost, Pop))]\n",
    "    #cost = [ _ for _,x in sorted(zip(cost, Pop))]  # need be to use the true cost\n",
    "    return ans"
   ]
  },
  {
   "cell_type": "code",
   "execution_count": 72,
   "metadata": {},
   "outputs": [],
   "source": [
    "# Update Pheromone in visited arcs\n",
    "\n",
    "def UpPheromone(route, matrix):\n",
    "    \"\"\"route : route taken\n",
    "    matrix: pheromone matrix\"\"\"\n",
    "    \n",
    "    tau = 1/Cost([route], matrix)[0]\n",
    "    #tau = 1\n",
    "    \n",
    "    for i in range(len(route)-1):\n",
    "        \n",
    "        matrix[route[i]][route[i+1]] += tau\n",
    "        matrix[route[i+1]][route[i]] += tau\n",
    "    \n",
    "    # add pheromone to last and first route for TSP\n",
    "    matrix[route[-1]][route[0]] += tau\n",
    "    matrix[route[0]][route[-1]] += tau\n",
    "\n",
    "    return matrix\n",
    "\n",
    "def UpPheromoneNPL(route, matrix):\n",
    "    \n",
    "    for i in range(len(route)-1):\n",
    "        \n",
    "        matrix[route[i]][route[i+1]] += 1\n",
    "        matrix[route[i+1]][route[i]] += 1\n",
    "\n",
    "    return matrix\n",
    "\n",
    "# Evaporate pheromone \n",
    "\n",
    "def EvPheromone(matrix, rho):\n",
    "    \n",
    "    for i in range(len(matrix)):\n",
    "        for j in range(len(matrix)):\n",
    "            if matrix[i][j] > 0:\n",
    "                matrix[i][j] = (1-rho)*matrix[i][j]\n",
    "            else:\n",
    "                matrix[i][j] = math.exp(-5)\n",
    "    return matrix\n",
    "\n",
    "def EvPheromoneNeg(matrix, rho):\n",
    "    \n",
    "    for i in range(len(matrix)):\n",
    "        for j in range(len(matrix)):\n",
    "            matrix[i][j] = (1-rho)*matrix[i][j]\n",
    "        \n",
    "    return matrix"
   ]
  },
  {
   "cell_type": "code",
   "execution_count": 73,
   "metadata": {},
   "outputs": [],
   "source": [
    "# Pheromone initialization for TSP\n",
    "\n",
    "#random.shuffle() shuffles the original list\n",
    "#random.sample() returns a new shuffled list of given number of elements needed\n",
    "\n",
    "def TSPher(graph):\n",
    "    \n",
    "    n = len(graph)\n",
    "    route = [i for i in range(n)]\n",
    "    random.shuffle(route)\n",
    "    \n",
    "    cost = Cost([route], graph)[0]\n",
    "    pher = [[cost for i in range(n)] for j in range(n)]\n",
    "    \n",
    "    return pher"
   ]
  },
  {
   "cell_type": "code",
   "execution_count": 74,
   "metadata": {},
   "outputs": [],
   "source": [
    "# Simple Ant Colony Optimiza\n",
    "\n",
    "def ACO101(Ngraph, ants, alpha = 1, beta = 3, rho = 0.5, runs = 50, Pher = None):\n",
    "    \n",
    "    if Pher == None:\n",
    "        #Pher = FirstPheromone(len(Ngraph))     # to one \n",
    "        Pher = TSPher(Ngraph)                   # with route cost\n",
    "\n",
    "    #starthob = random.choice([i for i in range(len(Ngraph))])\n",
    "    i = 0\n",
    "    while i < runs:\n",
    "        Ants = []\n",
    "        #print(Gr)\n",
    "        starthob = random.choice([i for i in range(len(Ngraph))])\n",
    "        for j in range(ants):\n",
    "            stof = FindPath(Pher, Ngraph, starthob, alpha, beta)\n",
    "            Ants.append(stof)\n",
    "   \n",
    "        #Pheromone update\n",
    "        for j in Ants:\n",
    "            UpPheromone(j, Pher)\n",
    "            \n",
    "        #Pheromone update  \n",
    "        #EvPheromone(Pher, rho)\n",
    "        EvPheromoneNeg(Pher, rho)\n",
    "        \n",
    "        #C = Cost(Ants, Ngraph)\n",
    "        i += 1 \n",
    "        \n",
    "    C = Cost(Ants, Ngraph)    \n",
    "    print(\"Minimum Cost Found = \", min(C), \"Maximum Cost Found = \", max(C))\n",
    "    return np.array(Ants), np.array(Pher)"
   ]
  },
  {
   "cell_type": "code",
   "execution_count": 75,
   "metadata": {},
   "outputs": [],
   "source": [
    "# for trial, randomly define cost matrix if not given. randomly generates a cost for a route in the range bound\n",
    "def Cmatrix(dim, bound = (5,50)):\n",
    "    \n",
    "    b = [(i, str(i)) for i in range(dim)]   \n",
    "    matrix = []\n",
    "    \n",
    "    for i,j in b:\n",
    "        if i == 0:\n",
    "            j = []\n",
    "            j.append(0)\n",
    "            matrix.append(j)\n",
    "        else:\n",
    "            j=[]\n",
    "            for k in range(i+1):\n",
    "                if k == i:\n",
    "                    j.append(0)\n",
    "                else:\n",
    "                    j.append(random.uniform(bound[0], bound[1]))\n",
    "            matrix.append(j)\n",
    "            \n",
    "    M = matrix        \n",
    "    for i in range(len(M)):\n",
    "        \n",
    "        for j in range(1,len(M)-len(M[i])+1):\n",
    "            M[i].append(M[i+j][i]) \n",
    "            \n",
    "    return M\n"
   ]
  },
  {
   "cell_type": "code",
   "execution_count": null,
   "metadata": {},
   "outputs": [],
   "source": []
  },
  {
   "cell_type": "code",
   "execution_count": 76,
   "metadata": {},
   "outputs": [
    {
     "name": "stdout",
     "output_type": "stream",
     "text": [
      "Minimum Cost Found =  3373.0502725552105 Maximum Cost Found =  7269.975462367653\n"
     ]
    },
    {
     "data": {
      "text/plain": [
       "(array([[32, 51, 54, ..., 68, 38, 50],\n",
       "        [32, 13, 65, ..., 66, 16, 40],\n",
       "        [32, 51, 57, ..., 47, 44, 28],\n",
       "        ...,\n",
       "        [32, 46, 18, ..., 27, 66, 62],\n",
       "        [32, 13, 65, ..., 21, 69, 15],\n",
       "        [32, 51, 57, ..., 62, 54, 40]]),\n",
       " array([[2.94323498e-26, 5.76880644e-21, 2.94323498e-26, ...,\n",
       "         7.86449028e-03, 1.12478075e-02, 2.24748157e-02],\n",
       "        [5.76880644e-21, 2.94323498e-26, 3.89264252e-26, ...,\n",
       "         2.88282050e-17, 3.72101131e-03, 8.15485078e-02],\n",
       "        [2.94323498e-26, 3.89264252e-26, 2.94323498e-26, ...,\n",
       "         2.94323498e-26, 6.84807172e-16, 8.71445188e-15],\n",
       "        ...,\n",
       "        [7.86449028e-03, 2.88282050e-17, 2.94323498e-26, ...,\n",
       "         2.94323498e-26, 4.86511002e-04, 7.97052152e-06],\n",
       "        [1.12478075e-02, 3.72101131e-03, 6.84807172e-16, ...,\n",
       "         4.86511002e-04, 2.94323498e-26, 2.30625597e-02],\n",
       "        [2.24748157e-02, 8.15485078e-02, 8.71445188e-15, ...,\n",
       "         7.97052152e-06, 2.30625597e-02, 2.94323498e-26]]))"
      ]
     },
     "execution_count": 76,
     "metadata": {},
     "output_type": "execute_result"
    }
   ],
   "source": [
    "# Network graph from CI book\n",
    "D = 70\n",
    "bounds = (10,1000)\n",
    "SACOCI = Cmatrix(D, bounds)\n",
    "\n",
    "ants = 70\n",
    "alpha = 1\n",
    "beta = 3\n",
    "rho = 0.5\n",
    "runs = 100\n",
    "\n",
    "ACO101(SACOCI, ants, alpha, beta, rho, runs)"
   ]
  },
  {
   "cell_type": "code",
   "execution_count": null,
   "metadata": {},
   "outputs": [],
   "source": []
  },
  {
   "cell_type": "code",
   "execution_count": 98,
   "metadata": {},
   "outputs": [],
   "source": [
    "# TSP problem"
   ]
  },
  {
   "cell_type": "code",
   "execution_count": 77,
   "metadata": {},
   "outputs": [
    {
     "name": "stdout",
     "output_type": "stream",
     "text": [
      "Minimum Cost Found =  35682.108919332124 Maximum Cost Found =  48816.15904217578\n"
     ]
    },
    {
     "data": {
      "text/plain": [
       "(array([[13, 24, 12, ...,  0,  8, 39],\n",
       "        [13, 24, 12, ..., 26, 42, 16],\n",
       "        [13, 22, 10, ..., 42, 16, 45],\n",
       "        ...,\n",
       "        [13, 24, 12, ..., 45, 14, 11],\n",
       "        [13, 24, 12, ..., 22, 10, 11],\n",
       "        [13, 24, 12, ..., 16, 39,  7]]),\n",
       " array([[1.34377073e-25, 1.57347325e-02, 2.74579085e-02, ...,\n",
       "         8.59129196e-10, 2.81074882e-03, 1.34377073e-25],\n",
       "        [1.57347325e-02, 1.34377073e-25, 4.26574910e-03, ...,\n",
       "         1.72035006e-06, 6.05646279e-03, 7.50036627e-04],\n",
       "        [2.74579085e-02, 4.26574910e-03, 1.34377073e-25, ...,\n",
       "         4.27097440e-02, 3.16139573e-02, 1.20315594e-06],\n",
       "        ...,\n",
       "        [8.59129196e-10, 1.72035006e-06, 4.27097440e-02, ...,\n",
       "         1.34377073e-25, 4.23590778e-02, 1.30224362e-05],\n",
       "        [2.81074882e-03, 6.05646279e-03, 3.16139573e-02, ...,\n",
       "         4.23590778e-02, 1.34377073e-25, 1.98314162e-25],\n",
       "        [1.34377073e-25, 7.50036627e-04, 1.20315594e-06, ...,\n",
       "         1.30224362e-05, 1.98314162e-25, 1.34377073e-25]]))"
      ]
     },
     "execution_count": 77,
     "metadata": {},
     "output_type": "execute_result"
    }
   ],
   "source": [
    "import RouteMatrix as RM\n",
    "path = './Data/att48.txt'\n",
    "SACOCI = RM.TSRM(path)\n",
    "\n",
    "\n",
    "ants = 48\n",
    "alpha = 1\n",
    "beta = 4\n",
    "rho = 0.5\n",
    "runs = 100\n",
    "\n",
    "ACO101(SACOCI, ants, alpha, beta, rho, runs)"
   ]
  },
  {
   "cell_type": "code",
   "execution_count": 83,
   "metadata": {},
   "outputs": [
    {
     "name": "stdout",
     "output_type": "stream",
     "text": [
      "Minimum Cost Found =  36.00323896455005 Maximum Cost Found =  37.672006667794115\n"
     ]
    },
    {
     "data": {
      "text/plain": [
       "(array([[12,  6,  5, 11, 13,  2,  3,  4,  9,  8, 10,  7,  0,  1],\n",
       "        [12,  6,  5, 11, 13,  2,  3,  4,  0,  7, 10,  8,  9,  1],\n",
       "        [12,  6, 13,  2,  3, 11,  5,  4,  9,  8, 10,  1,  0,  7],\n",
       "        [12,  6, 10,  8,  9,  7,  0,  1, 13, 11,  5,  3,  2,  4],\n",
       "        [12,  6,  5, 11, 13,  2,  3,  4,  9,  8, 10,  7,  0,  1],\n",
       "        [12,  6,  5, 11, 13,  2,  3,  4,  9,  8, 10,  7,  0,  1],\n",
       "        [12,  6,  5, 11, 13,  2,  3,  4,  9,  8, 10,  7,  0,  1],\n",
       "        [12,  6,  5, 11, 13,  2,  3,  4,  9,  8, 10,  7,  0,  1],\n",
       "        [12,  6,  5, 11, 13,  2,  3,  4,  9,  8, 10,  7,  0,  1],\n",
       "        [12,  6,  5, 11, 13,  2,  3,  4,  0,  7, 10,  8,  9,  1],\n",
       "        [12,  6,  5, 11, 13,  2,  3,  4,  0,  7, 10,  8,  9,  1],\n",
       "        [12,  6,  5, 11, 13,  2,  3,  4,  9,  8, 10,  7,  0,  1],\n",
       "        [12,  6, 13,  2,  3, 11,  5,  4,  9,  8, 10,  7,  0,  1],\n",
       "        [12,  6,  5, 11, 13,  2,  3,  4,  9,  8, 10,  7,  0,  1]]),\n",
       " array([[0.00000000e+00, 8.57455607e-01, 7.43442204e-03, 8.48646357e-06,\n",
       "         1.37077251e-01, 2.15292489e-13, 1.76408892e-03, 9.91208982e-01,\n",
       "         2.18384852e-28, 2.56352420e-03, 9.83511325e-07, 2.03460382e-09,\n",
       "         2.30744524e-06, 6.64674784e-07],\n",
       "        [8.57455607e-01, 0.00000000e+00, 4.22455153e-02, 6.89075155e-12,\n",
       "         2.81466849e-03, 2.23110829e-03, 1.35421461e-11, 5.32316048e-07,\n",
       "         1.89898294e-32, 1.56343176e-01, 3.32883381e-01, 1.43117754e-05,\n",
       "         4.19649919e-01, 1.83878100e-01],\n",
       "        [7.43442204e-03, 4.22455153e-02, 0.00000000e+00, 8.79721501e-01,\n",
       "         6.89366877e-02, 1.01728788e-36, 2.34614352e-02, 1.25752435e-09,\n",
       "         6.68313571e-12, 1.59730577e-01, 2.33157028e-07, 7.12475289e-17,\n",
       "         2.27127067e-02, 7.93273239e-01],\n",
       "        [8.48646357e-06, 6.89075155e-12, 8.79721501e-01, 0.00000000e+00,\n",
       "         6.59484266e-01, 6.58515509e-02, 5.43508655e-02, 3.63229275e-06,\n",
       "         2.50437934e-05, 6.17466931e-02, 1.89049225e-15, 2.75460880e-01,\n",
       "         7.89185531e-04, 7.42137070e-05],\n",
       "        [1.37077251e-01, 2.81466849e-03, 6.89366877e-02, 6.59484266e-01,\n",
       "         0.00000000e+00, 3.20892965e-01, 8.58050309e-02, 2.32689780e-09,\n",
       "         1.01027438e-10, 5.32594656e-01, 4.24666287e-03, 2.97933635e-04,\n",
       "         1.07190573e-01, 7.81756217e-02],\n",
       "        [2.15292489e-13, 2.23110829e-03, 1.01728788e-36, 6.58515509e-02,\n",
       "         3.20892965e-01, 0.00000000e+00, 5.17369358e-01, 4.82825384e-03,\n",
       "         2.77736880e-29, 1.50381129e-03, 5.97636947e-03, 9.95275245e-01,\n",
       "         1.48484615e-27, 8.35876577e-02],\n",
       "        [1.76408892e-03, 1.35421461e-11, 2.34614352e-02, 5.43508655e-02,\n",
       "         8.58050309e-02, 5.17369358e-01, 0.00000000e+00, 4.06255103e-03,\n",
       "         3.98660457e-37, 2.26430731e-02, 1.65177101e-01, 7.32344723e-03,\n",
       "         9.86660179e-01, 1.28899190e-01],\n",
       "        [9.91208982e-01, 5.32316048e-07, 1.25752435e-09, 3.63229275e-06,\n",
       "         2.32689780e-09, 4.82825384e-03, 4.06255103e-03, 0.00000000e+00,\n",
       "         3.40986574e-10, 6.04883077e-02, 4.76041912e-01, 4.39889998e-10,\n",
       "         4.59475922e-01, 1.40622039e-03],\n",
       "        [2.18384852e-28, 1.89898294e-32, 6.68313571e-12, 2.50437934e-05,\n",
       "         1.01027438e-10, 2.77736880e-29, 3.98660457e-37, 3.40986574e-10,\n",
       "         0.00000000e+00, 9.98733115e-01, 9.98758159e-01, 3.92339533e-12,\n",
       "         2.72129395e-37, 3.76690208e-18],\n",
       "        [2.56352420e-03, 1.56343176e-01, 1.59730577e-01, 6.17466931e-02,\n",
       "         5.32594656e-01, 1.50381129e-03, 2.26430731e-02, 6.04883077e-02,\n",
       "         9.98733115e-01, 0.00000000e+00, 1.40172493e-10, 1.29960701e-09,\n",
       "         1.02596213e-03, 1.43421908e-04],\n",
       "        [9.83511325e-07, 3.32883381e-01, 2.33157028e-07, 1.89049225e-15,\n",
       "         4.24666287e-03, 5.97636947e-03, 1.65177101e-01, 4.76041912e-01,\n",
       "         9.98758159e-01, 1.40172493e-10, 0.00000000e+00, 2.75379401e-03,\n",
       "         2.07613554e-12, 1.16777217e-02],\n",
       "        [2.03460382e-09, 1.43117754e-05, 7.12475289e-17, 2.75460880e-01,\n",
       "         2.97933635e-04, 9.95275245e-01, 7.32344723e-03, 4.39889998e-10,\n",
       "         3.92339533e-12, 1.29960701e-09, 2.75379401e-03, 0.00000000e+00,\n",
       "         3.33170702e-78, 7.16390704e-01],\n",
       "        [2.30744524e-06, 4.19649919e-01, 2.27127067e-02, 7.89185531e-04,\n",
       "         1.07190573e-01, 1.48484615e-27, 9.86660179e-01, 4.59475922e-01,\n",
       "         2.72129395e-37, 1.02596213e-03, 2.07613554e-12, 3.33170702e-78,\n",
       "         0.00000000e+00, 9.56415644e-06],\n",
       "        [6.64674784e-07, 1.83878100e-01, 7.93273239e-01, 7.42137070e-05,\n",
       "         7.81756217e-02, 8.35876577e-02, 1.28899190e-01, 1.40622039e-03,\n",
       "         3.76690208e-18, 1.43421908e-04, 1.16777217e-02, 7.16390704e-01,\n",
       "         9.56415644e-06, 0.00000000e+00]]))"
      ]
     },
     "execution_count": 83,
     "metadata": {},
     "output_type": "execute_result"
    }
   ],
   "source": [
    "import RouteMatrix as RM\n",
    "path = './Data/burma14.txt'\n",
    "SACOCI = RM.TSRM(path)\n",
    "\n",
    "\n",
    "ants = 14\n",
    "alpha = 1\n",
    "beta = 4\n",
    "rho = 0.5\n",
    "runs = 2000\n",
    "\n",
    "ACO101(SACOCI, ants, alpha, beta, rho, runs)"
   ]
  },
  {
   "cell_type": "code",
   "execution_count": 113,
   "metadata": {},
   "outputs": [
    {
     "name": "stdout",
     "output_type": "stream",
     "text": [
      "Minimum Cost Found =  10317.813605806834 Maximum Cost Found =  13651.622742453783\n"
     ]
    },
    {
     "data": {
      "text/plain": [
       "(array([[ 7, 26, 23,  0, 27,  5, 11,  8,  4, 20,  1, 19,  9,  3, 14, 17,\n",
       "         13, 21, 10, 15, 12, 22,  6, 24, 18,  2, 28, 25, 16],\n",
       "        [ 7, 26, 23,  0, 27, 12,  9, 19,  1, 20,  4, 25, 28,  2, 11,  5,\n",
       "          8, 21, 13, 17, 14,  3, 10, 18, 24,  6, 22, 15, 16],\n",
       "        [ 7, 23, 26, 15, 12,  9, 19,  1, 20,  4,  8,  5, 27, 11, 25, 28,\n",
       "          2,  0, 18, 24,  6, 22, 17, 16, 21, 13, 10,  3, 14],\n",
       "        [ 7, 23, 26, 15, 12,  0, 27,  5, 11,  8,  4, 20,  1, 19,  9,  3,\n",
       "         14, 18, 24,  6, 22,  2, 28, 25, 17, 13, 21, 16, 10],\n",
       "        [ 7, 26, 23,  0, 27,  5,  8,  4, 20,  1, 19,  9, 12, 15, 18, 10,\n",
       "         21, 13, 17, 14,  3, 16,  2, 28, 25, 11,  6, 24, 22],\n",
       "        [ 7, 26, 23,  0, 27,  5, 11,  8,  4, 20,  1, 19,  9, 12, 15, 18,\n",
       "         24,  6, 22, 28, 25, 17, 13, 14,  3, 10, 16, 21,  2],\n",
       "        [ 7, 26, 23,  0, 27,  5, 11, 20,  1, 19,  9,  3, 14, 17, 13, 21,\n",
       "         10, 18, 15, 12,  2, 28, 25,  4,  8,  6, 22, 24, 16],\n",
       "        [ 7, 26, 15, 18, 14,  3,  9, 19,  1, 20,  4,  8,  5,  0, 27, 11,\n",
       "         25, 28,  2, 12, 23, 22, 24,  6, 10, 17, 16, 13, 21],\n",
       "        [ 7, 26, 15, 12,  9, 19,  1, 20,  4,  8,  5, 27,  0, 23, 22,  6,\n",
       "         24, 18, 10, 21, 13, 17, 14,  3, 16,  2, 28, 25, 11],\n",
       "        [ 7, 22,  6, 24, 18, 15, 26, 23,  0, 27,  5, 11, 25, 28,  2,  1,\n",
       "         20,  4,  8,  9,  3, 14, 17, 13, 21, 10, 16, 12, 19],\n",
       "        [ 7, 26, 23,  0, 27,  5, 11,  8,  4, 20,  1, 19,  9,  3, 14, 17,\n",
       "         13, 21, 10, 12, 15, 24,  6, 22,  2, 28, 25, 16, 18],\n",
       "        [ 7, 23,  0, 27, 11,  5,  8, 25, 28,  2,  1, 20,  4, 12, 15, 18,\n",
       "         24,  6, 10, 21, 16, 13, 17, 14,  3,  9, 19, 22, 26],\n",
       "        [ 7, 26, 15, 23,  0, 27,  5, 11,  8,  4, 20,  1, 19,  9,  3, 14,\n",
       "         17, 13, 21, 16, 10,  6, 22, 24, 18, 12,  2, 28, 25],\n",
       "        [ 7, 26, 23,  0, 27, 11,  5,  8,  4, 25, 28,  2,  1, 19,  9,  3,\n",
       "         14, 17, 16, 21, 13, 10, 24, 18, 15, 12, 20,  6, 22],\n",
       "        [ 7, 23, 26, 15, 18, 24,  6, 22, 12,  9, 19,  1,  2, 28, 25,  4,\n",
       "          8,  5, 27,  0, 20, 14,  3, 16, 21, 13, 17, 10, 11],\n",
       "        [ 7, 26, 23,  0, 27,  5, 11,  8,  4, 20,  1, 19,  9, 12, 15, 18,\n",
       "         24,  6, 22, 10, 13, 17, 16, 21, 28, 25,  2,  3, 14],\n",
       "        [ 7, 26, 15, 12,  9, 19,  1, 20,  4,  8, 11,  5, 27,  0, 23, 24,\n",
       "         18, 10, 16, 21, 13, 14,  3, 17, 25, 28,  2, 22,  6],\n",
       "        [ 7, 26, 23,  0, 27,  5, 11,  8,  4, 25, 28,  2, 16, 21, 13, 17,\n",
       "         14,  3,  9, 19,  1, 20, 12, 15, 18, 24,  6, 22, 10],\n",
       "        [ 7, 26, 15, 12,  9, 19, 20,  1,  2, 28, 25,  4,  8,  5, 11, 27,\n",
       "          0, 23, 10, 13, 17, 16, 21,  3, 14, 18, 24,  6, 22],\n",
       "        [ 7, 26, 23,  0, 27,  5, 11,  8,  4, 20,  1, 19,  9,  3, 14, 17,\n",
       "         13, 21, 16, 10, 18, 24, 15, 12,  2, 28, 25,  6, 22],\n",
       "        [ 7, 26, 15, 12,  9, 19,  1, 20,  4,  8, 11,  5, 27,  0, 23, 24,\n",
       "         18, 14,  3, 17, 13, 21, 16, 10,  6, 22,  2, 28, 25],\n",
       "        [ 7, 26, 23,  0, 27,  5, 11,  8,  4, 20,  1, 19,  9,  3, 14, 18,\n",
       "         24,  6, 22, 15, 12,  2, 28, 25, 17, 13, 21, 16, 10],\n",
       "        [ 7, 23,  0, 27, 11,  5,  8,  4, 20,  1, 19,  9,  3, 14, 18, 24,\n",
       "          6, 22, 26, 15, 12, 13, 17, 16, 21, 10,  2, 28, 25],\n",
       "        [ 7, 26, 23, 15, 12,  9, 19,  1, 20,  4,  8,  5, 11, 25, 28,  2,\n",
       "         13, 17, 16, 21, 10, 18, 24,  6, 22, 27,  0, 14,  3],\n",
       "        [ 7, 26, 23,  0, 27,  5, 11,  8,  4, 20,  1, 19,  9,  3, 14, 17,\n",
       "         13, 21, 16, 10, 18, 15, 12, 25, 28,  2, 24,  6, 22],\n",
       "        [ 7, 26, 23, 15, 12,  9, 19,  1, 20,  4,  8,  5, 11, 27,  0, 18,\n",
       "         24,  6, 22,  2, 28, 25,  3, 14, 17, 13, 21, 16, 10],\n",
       "        [ 7, 26, 23,  0, 12,  9, 19,  1, 20,  4,  8,  5, 11, 25, 28,  2,\n",
       "         16, 21, 13, 17, 14,  3, 10,  6, 24, 18, 15, 22, 27],\n",
       "        [ 7, 26, 23,  0, 27,  5, 11,  8,  4, 20,  1, 19,  9,  3, 14, 17,\n",
       "         13, 21, 16, 24, 18, 15, 12, 22,  6, 10, 25, 28,  2],\n",
       "        [ 7, 26, 15, 24, 18, 14,  3,  9, 19,  1, 20,  4,  8,  5, 27,  0,\n",
       "         23, 12, 10, 21, 16, 17, 13,  2, 28, 25, 11, 22,  6]]),\n",
       " array([[2.72021002e-32, 6.81897452e-30, 4.63162779e-02, 2.72021002e-32,\n",
       "         5.10075375e-20, 7.30696114e-02, 1.86190322e-06, 4.89303152e-03,\n",
       "         5.04615594e-03, 5.05232153e-08, 4.17894261e-06, 1.39804683e-02,\n",
       "         7.21530197e-02, 1.36058970e-08, 1.49614449e-02, 7.75711281e-32,\n",
       "         1.28156882e-02, 2.52988652e-29, 5.47041325e-02, 2.72021002e-32,\n",
       "         4.94794916e-02, 2.72021002e-32, 3.72828995e-05, 8.17097669e-01,\n",
       "         8.35753672e-16, 1.67562532e-08, 1.99900518e-24, 9.79866243e-01,\n",
       "         6.47088728e-32],\n",
       "        [6.81897452e-30, 2.72021002e-32, 1.73120886e-01, 3.61676427e-06,\n",
       "         9.07814525e-25, 3.02741930e-11, 3.02272058e-20, 7.73935112e-08,\n",
       "         1.49474753e-05, 4.04478024e-03, 1.71506230e-21, 7.36268107e-08,\n",
       "         2.35792291e-07, 1.55907117e-31, 2.72021002e-32, 9.77364895e-05,\n",
       "         3.62049847e-06, 2.51767196e-31, 2.72021002e-32, 9.70293177e-01,\n",
       "         9.89154753e-01, 2.47206390e-31, 7.21002477e-16, 2.72021002e-32,\n",
       "         3.09075799e-03, 1.72360344e-12, 1.15005683e-05, 7.52839383e-04,\n",
       "         3.37979211e-21],\n",
       "        [4.63162779e-02, 1.73120886e-01, 2.72021002e-32, 1.74607892e-02,\n",
       "         4.76193179e-04, 2.15121029e-04, 1.81631859e-05, 7.19229495e-03,\n",
       "         3.29328290e-05, 3.13955862e-11, 3.24487795e-02, 9.46887097e-02,\n",
       "         2.04949606e-01, 4.15539911e-02, 4.87726860e-22, 1.69987907e-09,\n",
       "         2.07357020e-01, 4.82464845e-06, 2.80851970e-02, 1.11274746e-03,\n",
       "         7.72706251e-04, 3.07707371e-02, 9.63232241e-02, 1.09877271e-04,\n",
       "         1.65728230e-02, 2.71339509e-02, 4.87898268e-07, 2.35495753e-03,\n",
       "         1.01029721e+00],\n",
       "        [2.72021002e-32, 3.61676427e-06, 1.74607892e-02, 2.72021002e-32,\n",
       "         2.72021002e-32, 2.25295360e-10, 2.07450072e-02, 1.91716815e-13,\n",
       "         5.12237167e-04, 6.50175522e-01, 1.44080699e-01, 5.12729350e-04,\n",
       "         3.82437283e-30, 8.86704643e-03, 1.02700855e+00, 3.40214767e-04,\n",
       "         1.10242738e-01, 6.46842416e-02, 6.23833252e-05, 1.01223189e-02,\n",
       "         9.69846128e-05, 1.68667236e-02, 9.99704252e-08, 9.84110407e-08,\n",
       "         6.40447147e-10, 3.62078199e-02, 7.37108138e-06, 5.48215490e-22,\n",
       "         2.72021002e-32],\n",
       "        [5.10075375e-20, 9.07814525e-25, 4.76193179e-04, 2.72021002e-32,\n",
       "         2.72021002e-32, 4.90004915e-23, 3.18503648e-25, 1.05385746e-11,\n",
       "         9.93589735e-01, 9.53226905e-26, 2.31140768e-07, 1.90176944e-03,\n",
       "         2.26388242e-02, 2.72021002e-32, 5.07341379e-13, 2.72021002e-32,\n",
       "         6.94076326e-07, 5.04180980e-28, 1.63203157e-04, 1.17491790e-22,\n",
       "         8.93599856e-01, 8.02537355e-32, 1.12959170e-10, 2.42450912e-07,\n",
       "         1.10244008e-31, 2.29162173e-01, 5.31054384e-26, 2.64086306e-03,\n",
       "         2.72021002e-32],\n",
       "        [7.30696114e-02, 3.02741930e-11, 2.15121029e-04, 2.25295360e-10,\n",
       "         4.90004915e-23, 2.72021002e-32, 9.62567839e-10, 1.16660553e-31,\n",
       "         5.25704328e-01, 2.72021002e-32, 1.22487640e-06, 8.10589014e-01,\n",
       "         2.15698099e-05, 1.81194210e-06, 1.37004772e-22, 2.80226111e-19,\n",
       "         3.94632688e-03, 1.59836416e-31, 2.72021002e-32, 3.71425231e-31,\n",
       "         5.87980513e-04, 4.66955555e-03, 2.95565225e-07, 6.72047495e-18,\n",
       "         2.72021002e-32, 1.41146217e-02, 1.14877942e-31, 6.70578800e-01,\n",
       "         4.54620600e-11],\n",
       "        [1.86190322e-06, 3.02272058e-20, 1.81631859e-05, 2.07450072e-02,\n",
       "         3.18503648e-25, 9.62567839e-10, 2.72021002e-32, 5.32289757e-03,\n",
       "         2.73317126e-02, 2.72021002e-32, 2.15970062e-01, 3.12812652e-02,\n",
       "         1.22658803e-02, 4.32212364e-09, 1.89767792e-04, 2.14059321e-02,\n",
       "         2.17083862e-03, 7.86194559e-05, 3.07952171e-05, 2.77640598e-15,\n",
       "         2.82504347e-02, 9.77185700e-13, 7.76922832e-01, 3.61371408e-03,\n",
       "         8.69193958e-01, 3.64106695e-02, 7.94212502e-03, 4.31847531e-25,\n",
       "         6.39294685e-32],\n",
       "        [4.89303152e-03, 7.73935112e-08, 7.19229495e-03, 1.91716815e-13,\n",
       "         1.05385746e-11, 1.16660553e-31, 5.32289757e-03, 2.72021002e-32,\n",
       "         3.34623787e-14, 2.72021002e-32, 7.27938338e-04, 1.18723685e-02,\n",
       "         7.60131605e-02, 9.26712005e-14, 3.09623251e-03, 2.51615795e-27,\n",
       "         1.26397725e-06, 1.10244008e-31, 2.12583724e-22, 2.72021002e-32,\n",
       "         9.94304426e-04, 2.72021002e-32, 3.32555607e-01, 3.08416952e-01,\n",
       "         1.78993183e-11, 3.78923512e-02, 7.59162166e-01, 2.63493520e-02,\n",
       "         8.63410884e-32],\n",
       "        [5.04615594e-03, 1.49474753e-05, 3.29328290e-05, 5.12237167e-04,\n",
       "         9.93589735e-01, 5.25704328e-01, 2.73317126e-02, 3.34623787e-14,\n",
       "         2.72021002e-32, 3.00706956e-02, 8.30748558e-04, 4.38781715e-01,\n",
       "         9.79628440e-11, 5.53294488e-15, 2.78188436e-31, 8.64722606e-04,\n",
       "         3.86440354e-04, 4.06016515e-04, 1.08921377e-21, 2.72021002e-32,\n",
       "         9.57097649e-22, 2.88523634e-02, 1.64741539e-08, 4.33039662e-03,\n",
       "         1.09914488e-04, 7.44053338e-02, 2.72021002e-32, 4.53251941e-08,\n",
       "         2.23507851e-19],\n",
       "        [5.05232153e-08, 4.04478024e-03, 3.13955862e-11, 6.50175522e-01,\n",
       "         9.53226905e-26, 2.72021002e-32, 2.72021002e-32, 2.72021002e-32,\n",
       "         3.00706956e-02, 2.72021002e-32, 1.22797622e-10, 1.64325635e-03,\n",
       "         4.38929698e-01, 2.72021002e-32, 2.72021002e-32, 5.79968540e-27,\n",
       "         1.13888480e-03, 2.10452555e-07, 1.08554631e-31, 1.01766233e+00,\n",
       "         1.25989448e-29, 2.72021002e-32, 1.79464125e-05, 2.72021002e-32,\n",
       "         2.99495236e-31, 5.31197570e-17, 7.52484683e-32, 2.72021002e-32,\n",
       "         7.97181856e-32],\n",
       "        [4.17894261e-06, 1.71506230e-21, 3.24487795e-02, 1.44080699e-01,\n",
       "         2.31140768e-07, 1.22487640e-06, 2.15970062e-01, 7.27938338e-04,\n",
       "         8.30748558e-04, 1.22797622e-10, 2.72021002e-32, 2.70280827e-02,\n",
       "         5.78013596e-02, 1.63330735e-01, 5.35682493e-08, 9.73977157e-02,\n",
       "         3.29089704e-01, 6.10441740e-02, 2.75722689e-01, 9.78351838e-15,\n",
       "         1.59880782e-02, 4.35622781e-01, 3.55491254e-02, 2.46827776e-02,\n",
       "         9.64487553e-02, 1.41123813e-02, 2.44684061e-02, 8.13281354e-03,\n",
       "         1.51829858e-14],\n",
       "        [1.39804683e-02, 7.36268107e-08, 9.46887097e-02, 5.12729350e-04,\n",
       "         1.90176944e-03, 8.10589014e-01, 3.12812652e-02, 1.18723685e-02,\n",
       "         4.38781715e-01, 1.64325635e-03, 2.70280827e-02, 2.72021002e-32,\n",
       "         5.87684398e-02, 2.72021002e-32, 3.44667053e-03, 4.63822254e-04,\n",
       "         1.27058822e-02, 6.71355796e-12, 6.04904324e-07, 8.77851847e-04,\n",
       "         4.41693107e-02, 1.57544574e-03, 1.56351427e-02, 2.38873970e-08,\n",
       "         6.52908259e-32, 2.41320164e-01, 8.34529957e-10, 2.50548573e-01,\n",
       "         7.18790137e-03],\n",
       "        [7.21530197e-02, 2.35792291e-07, 2.04949606e-01, 3.82437283e-30,\n",
       "         2.26388242e-02, 2.15698099e-05, 1.22658803e-02, 7.60131605e-02,\n",
       "         9.79628440e-11, 4.38929698e-01, 5.78013596e-02, 5.87684398e-02,\n",
       "         2.72021002e-32, 2.98494263e-02, 9.46209757e-03, 7.76341252e-01,\n",
       "         3.82393626e-02, 4.89435624e-27, 4.37766818e-02, 2.83302501e-02,\n",
       "         4.56553950e-02, 6.67135504e-10, 6.91636445e-02, 6.02765500e-02,\n",
       "         3.64816041e-07, 2.95827981e-02, 8.29054899e-03, 4.28097231e-02,\n",
       "         4.68674464e-05],\n",
       "        [1.36058970e-08, 1.55907117e-31, 4.15539911e-02, 8.86704643e-03,\n",
       "         2.72021002e-32, 1.81194210e-06, 4.32212364e-09, 9.26712005e-14,\n",
       "         5.53294488e-15, 2.72021002e-32, 1.63330735e-01, 2.72021002e-32,\n",
       "         2.98494263e-02, 2.72021002e-32, 5.61215442e-02, 1.47950753e-17,\n",
       "         1.07153855e-01, 8.84228444e-01, 6.32644579e-17, 2.72021002e-32,\n",
       "         6.61268894e-13, 8.53649181e-01, 2.72021002e-32, 9.79788664e-31,\n",
       "         1.80420590e-11, 2.72021002e-32, 2.72021002e-32, 2.72021002e-32,\n",
       "         5.60525868e-19],\n",
       "        [1.49614449e-02, 2.72021002e-32, 4.87726860e-22, 1.02700855e+00,\n",
       "         5.07341379e-13, 1.37004772e-22, 1.89767792e-04, 3.09623251e-03,\n",
       "         2.78188436e-31, 2.72021002e-32, 5.35682493e-08, 3.44667053e-03,\n",
       "         9.46209757e-03, 5.61215442e-02, 2.72021002e-32, 1.09612576e-03,\n",
       "         3.59323034e-05, 5.39767644e-01, 3.94778988e-01, 5.89885206e-04,\n",
       "         2.36861266e-02, 3.94694174e-14, 8.14800242e-08, 1.44792836e-30,\n",
       "         6.92538656e-17, 8.39732641e-03, 2.72021002e-32, 8.11132288e-03,\n",
       "         2.72021002e-32],\n",
       "        [7.75711281e-32, 9.77364895e-05, 1.69987907e-09, 3.40214767e-04,\n",
       "         2.72021002e-32, 2.80226111e-19, 2.14059321e-02, 2.51615795e-27,\n",
       "         8.64722606e-04, 5.79968540e-27, 9.73977157e-02, 4.63822254e-04,\n",
       "         7.76341252e-01, 1.47950753e-17, 1.09612576e-03, 2.72021002e-32,\n",
       "         3.40543042e-02, 1.67657731e-06, 3.53736204e-01, 5.61227926e-07,\n",
       "         2.35707877e-03, 2.18023676e-02, 9.32966185e-02, 6.50693473e-02,\n",
       "         1.07667020e-01, 1.37647952e-02, 5.32650872e-01, 1.80140154e-03,\n",
       "         4.39448243e-10],\n",
       "        [1.28156882e-02, 3.62049847e-06, 2.07357020e-01, 1.10242738e-01,\n",
       "         6.94076326e-07, 3.94632688e-03, 2.17083862e-03, 1.26397725e-06,\n",
       "         3.86440354e-04, 1.13888480e-03, 3.29089704e-01, 1.27058822e-02,\n",
       "         3.82393626e-02, 1.07153855e-01, 3.59323034e-05, 3.40543042e-02,\n",
       "         2.72021002e-32, 3.55085589e-01, 1.85422001e-02, 6.49690414e-16,\n",
       "         1.20068662e-08, 6.69169691e-01, 4.84479185e-03, 5.41724103e-13,\n",
       "         5.64397901e-02, 5.47795501e-02, 2.50566589e-04, 1.89438655e-11,\n",
       "         1.95566544e-07],\n",
       "        [2.52988652e-29, 2.51767196e-31, 4.82464845e-06, 6.46842416e-02,\n",
       "         5.04180980e-28, 1.59836416e-31, 7.86194559e-05, 1.10244008e-31,\n",
       "         4.06016515e-04, 2.10452555e-07, 6.10441740e-02, 6.71355796e-12,\n",
       "         4.89435624e-27, 8.84228444e-01, 5.39767644e-01, 1.67657731e-06,\n",
       "         3.55085589e-01, 2.72021002e-32, 1.86326347e-03, 2.72021002e-32,\n",
       "         2.72021002e-32, 5.97279005e-03, 3.36027999e-02, 1.32681428e-20,\n",
       "         2.25864659e-31, 1.43377520e-01, 8.52894040e-03, 2.72021002e-32,\n",
       "         2.72021002e-32],\n",
       "        [5.47041325e-02, 2.72021002e-32, 2.80851970e-02, 6.23833252e-05,\n",
       "         1.63203157e-04, 2.72021002e-32, 3.07952171e-05, 2.12583724e-22,\n",
       "         1.08921377e-21, 1.08554631e-31, 2.75722689e-01, 6.04904324e-07,\n",
       "         4.37766818e-02, 6.32644579e-17, 3.94778988e-01, 3.53736204e-01,\n",
       "         1.85422001e-02, 1.86326347e-03, 2.72021002e-32, 1.68602702e-03,\n",
       "         3.61562746e-17, 1.32911429e-19, 2.75158564e-04, 7.40990669e-24,\n",
       "         8.16657860e-01, 5.51010624e-10, 7.56993090e-08, 1.13871517e-27,\n",
       "         1.22475467e-19],\n",
       "        [2.72021002e-32, 9.70293177e-01, 1.11274746e-03, 1.01223189e-02,\n",
       "         1.17491790e-22, 3.71425231e-31, 2.77640598e-15, 2.72021002e-32,\n",
       "         2.72021002e-32, 1.01766233e+00, 9.78351838e-15, 8.77851847e-04,\n",
       "         2.83302501e-02, 2.72021002e-32, 5.89885206e-04, 5.61227926e-07,\n",
       "         6.49690414e-16, 2.72021002e-32, 1.68602702e-03, 2.72021002e-32,\n",
       "         3.03921744e-02, 1.09386392e-02, 2.02871221e-02, 1.67161039e-02,\n",
       "         1.19801338e-31, 3.88653632e-13, 6.56341798e-08, 2.72021002e-32,\n",
       "         4.65000493e-23],\n",
       "        [4.94794916e-02, 9.89154753e-01, 7.72706251e-04, 9.69846128e-05,\n",
       "         8.93599856e-01, 5.87980513e-04, 2.82504347e-02, 9.94304426e-04,\n",
       "         9.57097649e-22, 1.25989448e-29, 1.59880782e-02, 4.41693107e-02,\n",
       "         4.56553950e-02, 6.61268894e-13, 2.36861266e-02, 2.35707877e-03,\n",
       "         1.20068662e-08, 2.72021002e-32, 3.61562746e-17, 3.03921744e-02,\n",
       "         2.72021002e-32, 2.72021002e-32, 1.17606634e-08, 5.44146390e-05,\n",
       "         2.72021002e-32, 2.72021002e-32, 2.43270257e-20, 1.53144111e-20,\n",
       "         1.97120574e-31],\n",
